0.297688146649,0.297688146649,
0.297688146649,0.297688146649,
0.297640209749,0.297688146649,
0.297640209749,0.297688146649,
0.297640209749,0.297688146649,
0.297592272850,0.297688146649,
0.297544335950,0.297688146649,
0.297496399051,0.297688146649,
0.297400525251,0.297688146649,
0.297352588352,0.297688146649,
0.297256714552,0.297688146649,
0.297160840753,0.297688146649,
0.297064966954,0.297688146649,
0.296969093155,0.297688146649,
0.296825282456,0.297688146649,
0.296681471757,0.297688146649,
0.296537661058,0.297688146649,
0.296393850359,0.297688146649,
0.296250039660,0.297688146649,
0.296058292062,0.297688146649,
0.295866544463,0.297688146649,
0.295674796865,0.297688146649,
0.295483049266,0.297688146649,
0.295291301668,0.297688146649,
0.295051617170,0.297688146649,
0.294811932672,0.297688146649,
0.294572248174,0.297688146649,
0.294332563676,0.297688146649,
0.294092879177,0.297688146649,
0.293805257780,0.297688146649,
0.293517636382,0.297688146649,
0.293230014984,0.297688146649,
0.292942393587,0.297688146649,
0.292606835289,0.297688146649,
0.292319213891,0.297688146649,
0.291983655594,0.297688146649,
0.291648097297,0.297688146649,
0.291264602100,0.297688146649,
0.290929043802,0.297688146649,
0.290545548605,0.297688146649,
0.290162053408,0.297688146649,
0.289778558212,0.297688146649,
0.289395063015,0.297688146649,
0.288963630918,0.297688146649,
0.288580135721,0.297688146649,
0.288148703624,0.297688146649,
0.287717271528,0.297688146649,
0.287237902532,0.297688146649,
0.286806470435,0.297640209749,
0.286327101439,0.297640209749,
0.285847732443,0.297640209749,
0.285368363446,0.297592272850,
0.284888994450,0.297400525251,
0.284361688554,0.297352588352,
0.283834382658,0.297496399051,
0.283307076763,0.297448462151,
0.282779770867,0.297448462151,
0.282252464971,0.297400525251,
0.281677222176,0.297208777653,
0.281149916280,0.297160840753,
0.280574673484,0.297256714552,
0.279951493789,0.297208777653,
0.279376250994,0.297112903854,
0.278753071299,0.296873219355,
0.278177828503,0.296969093155,
0.277554648808,0.296921156255,
0.276931469113,0.296825282456,
0.276260352518,0.296585597958,
0.275637172823,0.296441787259,
0.274966056229,0.296489724159,
0.274294939634,0.296202102761,
0.273623823039,0.296058292062,
0.272904769545,0.296106228962,
0.272233652950,0.295818607564,
0.271514599456,0.295674796865,
0.270795545961,0.295578923066,
0.270076492467,0.295626859965,
0.269309502073,0.295291301668,
0.268590448579,0.295099554070,
0.267823458185,0.294907806471,
0.267056467791,0.294763995772,
0.266289477397,0.294524311274,
0.265474550103,0.294332563676,
0.264707559710,0.294140816077,
0.263892632416,0.294140816077,
0.263077705122,0.293757320880,
0.262262777829,0.293517636382,
0.261447850535,0.293517636382,
0.260584986342,0.293086204285,
0.259722122149,0.292798582888,
0.258859257956,0.292558898390,
0.257996393763,0.292175403193,
0.257133529569,0.291887781795,
0.256222728477,0.291696034196,
0.255311927384,0.291360475899,
0.254401126291,0.291024917602,
0.253490325198,0.290689359304,
0.252579524105,0.290353801007,
0.251620786113,0.290018242710,
0.250709985020,0.289682684412,
0.249751247028,0.289251252316,
0.248792509035,0.288771883319,
0.247785834143,0.288388388123,
0.246827096151,0.288004892926,
0.245820421259,0.287621397729,
0.244813746367,0.287237902532,
0.243807071475,0.286758533535,
0.242800396583,0.286039480041,
0.241745784791,0.285703921744,
0.240691172999,0.284984868249,
0.239684498107,0.284553436153,
0.238581949416,0.283786445759,
0.237527337624,0.283355013662,
0.236472725832,0.282588023268,
0.235370177141,0.282108654272,
0.234267628450,0.281389600778,
0.233165079759,0.280622610384,
0.232062531067,0.279903556890,
0.230912045476,0.279184503395,
0.229809496785,0.278369576102,
0.228659011194,0.277794333306,
0.227508525603,0.276835595314,
0.226358040012,0.276068604920,
0.225159617522,0.275253677626,
0.224009131931,0.274342876533,
0.222810709440,0.273288264742,
0.221612286950,0.272281589850,
0.220413864459,0.271610473255,
0.219215441969,0.270699672162,
0.217969082579,0.269501249672,
0.216722723188,0.268638385478,
0.215524300698,0.267535836787,
0.214230004408,0.266864720192,
0.212983645018,0.265762171501,
0.211737285628,0.264707559710,
0.210442989338,0.263413263420,
0.209148693048,0.262598336126,
0.207854396759,0.261399913636,
0.206560100469,0.260393238744,
0.205217867279,0.259290690052,
0.203923570990,0.258427825859,
0.202581337800,0.257181466469,
0.201239104611,0.256078917778,
0.199896871421,0.255072242886,
0.198554638232,0.254113504893,
0.197164468143,0.253010956202,
0.195774298054,0.252052218209,
0.194432064865,0.250805858819,
0.192993957876,0.249703310128,
0.191603787787,0.248600761437,
0.190213617698,0.247737897244,
0.188775510709,0.246779159251,
0.187337403721,0.245868358158,
0.185899296732,0.244957557065,
0.184461189743,0.243950882173,
0.183023082755,0.242848333482,
0.181537038866,0.242081343088,
0.180050994978,0.240978794397,
0.178612887989,0.240163867103,
0.177078907202,0.239348939810,
0.175592863313,0.238581949416,
0.174106819425,0.237767022122,
0.172572838637,0.236952094829,
0.171038857849,0.236137167535,
0.169504877061,0.235370177141,
0.167970896273,0.234699060547,
0.166436915486,0.233980007052,
0.164854997798,0.233117142859,
0.163321017010,0.232254278666,
0.161739099323,0.231487288272,
0.160157181635,0.230768234778,
0.158527327048,0.230001244384,
0.156945409361,0.229186317090,
0.155315554773,0.228467263596,
0.153733637086,0.227604399403,
0.152103782499,0.226789472109,
0.150425991012,0.225878671016,
0.148796136425,0.225159617522,
0.147166281838,0.224152942630,
0.145488490351,0.223242141537,
0.143810698864,0.222523088043,
0.142132907378,0.221468476251,
0.140455115891,0.220557675158,
0.138777324404,0.219455126467,
0.137051596018,0.218736072973,
0.135373804531,0.217777334980,
0.133648076145,0.216626849389,
0.131922347758,0.215955732795,
0.130148682472,0.215044931702,
0.128422954086,0.213894446111,
0.126697225699,0.212791897420,
0.124923560413,0.211737285628,
0.123149895127,0.210634736937,
0.121376229841,0.209580125145,
0.119602564555,0.208477576454,
0.117780962370,0.207135343264,
0.116007297084,0.205936920774,
0.114185694898,0.204642624484,
0.112364092713,0.203588012692,
0.110542490527,0.202245779503,
0.108720888341,0.200903546313,
0.106851349256,0.199513376224,
0.105029747071,0.198123206135,
0.103160207985,0.196685099147,
0.101290668900,0.195246992158,
0.099421129815,0.193856822069,
0.097551590730,0.192418715080,
0.095634114745,0.190884734293,
0.093764575660,0.189350753505,
0.091847099675,0.187864709616,
0.089929623690,0.186378665728,
0.088012147705,0.184652937342,
0.086094671720,0.183358641052,
0.084177195735,0.181824660264,
0.082211782851,0.180050994978,
0.080246369966,0.178708761789,
0.078328893981,0.177078907202,
0.076363481097,0.175257305016,
0.074350131313,0.173963008726,
0.072384718428,0.172381091039,
0.070419305544,0.170559488853,
0.068405955760,0.169265192563,
0.066392605976,0.167827085575,
0.064379256192,0.166388978586,
0.062365906407,0.164663250200,
0.060352556623,0.163177206311,
0.058291269940,0.161978783821,
0.056277920156,0.160540676832,
0.054216633472,0.158910822245,
0.052155346788,0.157760336654,
0.050094060104,0.156370166565,
0.048032773421,0.155027933376,
0.045923549837,0.153637763287,
0.043862263154,0.152247593198,
0.041753039570,0.150617738611,
0.039643815987,0.149467253020,
0.037534592404,0.147981209131,
0.035425368820,0.146255480745,
0.033316145237,0.145009121355,
0.031158984754,0.143523077467,
0.029049761171,0.141797349080,
0.026892600688,0.140598926590,
0.024735440205,0.138969072003,
0.022578279722,0.137770649512,
0.020421119239,0.136380479423,
0.018263958756,0.134750624836,
0.016058861373,0.133216644048,
0.013853763991,0.131538852561,
0.011696603508,0.129813124175,
0.009491506125,0.128087395788,
0.007286408742,0.126361667402,
0.005033374460,0.124588002116,
0.002828277078,0.122814336830,
0.000623179695,0.121088608444,
-0.001629854587,0.119267006258,
-0.003882888869,0.117253656474,
-0.006135923152,0.115575864987,
-0.008388957434,0.113658389002,
-0.010641991716,0.111740913018,
-0.012942962898,0.109823437033,
-0.015195997180,0.107858024148,
-0.017496968362,0.105748800565,
-0.019797939544,0.103927198379,
-0.022098910725,0.101961785495,
-0.024399881907,0.099804625012,
-0.026700853089,0.097983022826,
-0.029001824271,0.095825862343,
-0.031350732352,0.094052197057,
-0.033651703534,0.092086784173,
-0.036000611616,0.090121371288,
-0.038349519697,0.088155958404,
-0.040698427779,0.086190545519,
-0.043047335860,0.084273069534,
-0.045444180841,0.082163845951,
-0.047793088923,0.080438117565,
-0.050189933904,0.078520641580,
-0.052538841985,0.076699039394,
-0.054935686966,0.074829500309,
-0.057332531947,0.073007898123,
-0.059729376928,0.071234232837,
-0.062174158809,0.069412630652,
-0.064571003790,0.067399280868,
-0.066967848771,0.065721489381,
-0.069412630652,0.063851950296,
-0.071857412533,0.062030348110,
-0.074302194413,0.060160809025,
-0.076746976294,0.058195396140,
-0.079191758175,0.056038235657,
-0.081636540055,0.054216633472,
-0.084129258836,0.051963599190,
-0.086574040716,0.049950249406,
-0.089066759497,0.047553404424,
-0.091559478277,0.045300370142,
-0.094052197057,0.042951462061,
-0.096544915838,0.040458743280,
-0.099037634618,0.038349519697,
-0.101530353398,0.036096485415,
-0.104071009078,0.033843451133,
-0.106563727858,0.031590416851,
-0.109104383538,0.029337382568,
-0.111645039218,0.027371969684,
-0.114185694898,0.025023061602,
-0.116726350578,0.022817964220,
-0.119267006258,0.020708740636,
-0.121807661938,0.018599517053,
-0.124348317618,0.016490293470,
-0.126936910198,0.014620754385,
-0.129525502777,0.012607404600,
-0.132066158457,0.010641991716,
-0.134654751037,0.008676578831,
-0.137243343616,0.006759102847,
-0.139831936196,0.004889563761,
-0.142420528775,0.003020024676,
-0.145057058254,0.001198422491,
-0.147645650834,-0.000623179695,
-0.150282180313,-0.002396844981,
-0.152870772893,-0.004218447167,
-0.155507302372,-0.005992112453,
-0.158143831851,-0.007909588438,
-0.160780361330,-0.010018812021,
-0.163416890809,-0.011744540407,
-0.166101357188,-0.013757890191,
-0.168737886667,-0.015915050674,
-0.171374416147,-0.017784589760,
-0.174058882525,-0.019989687142,
-0.176743348904,-0.022098910725,
-0.179379878383,-0.024208134309,
-0.182064344762,-0.026413231691,
-0.184748811141,-0.028666265974,
-0.187433277520,-0.030967237155,
-0.190165680798,-0.033364082137,
-0.192850147177,-0.035808864017,
-0.195534613556,-0.038301582798,
-0.198267016834,-0.040794301578,
-0.200951483213,-0.043430831057,
-0.203683886491,-0.045731802239,
-0.206416289770,-0.048176584120,
-0.209148693048,-0.050621366000,
-0.211881096327,-0.053209958580,
-0.214613499605,-0.055462992862,
-0.217345902884,-0.058051585442,
-0.220126243062,-0.060208745925,
-0.222858646340,-0.062605590906,
-0.225638986518,-0.065098309686,
-0.228371389796,-0.067207533269,
-0.231151729975,-0.069460567551,
-0.233932070153,-0.071713601834,
-0.236712410331,-0.073966636116,
-0.239492750509,-0.076171733498,
-0.242273090687,-0.078376830881,
-0.245053430865,-0.080677802063,
-0.247833771043,-0.082930836345,
-0.250662048120,-0.085231807527,
-0.253442388298,-0.087580715608,
-0.256270665376,-0.089977560589,
-0.259051005554,-0.092374405570,
-0.261879282632,-0.094867124351,
-0.264707559710,-0.097599527629,
-0.267535836787,-0.100283994008,
-0.270364113865,-0.103064334186,
-0.273192390943,-0.106180232661,
-0.276020668020,-0.109200257338,
-0.278896881997,-0.112172345114,
-0.281725159075,-0.115288243590,
-0.284601373052,-0.118691763463,
-0.287429650130,-0.121855598838,
-0.290305864107,-0.124827686614,
-0.293134141185,-0.128183269588,
-0.296010355162,-0.131299168063,
-0.298886569140,-0.134463003438,
-0.301762783117,-0.137578901913,
-0.304638997094,-0.140646863489,
-0.307515211071,-0.143571014366,
-0.310439361948,-0.146543102143,
-0.313315575926,-0.149706937518,
-0.316191789903,-0.152487277696,
-0.319115940780,-0.155411428573,
-0.321992154757,-0.158335579450,
-0.324916305634,-0.161211793427,
-0.327840456511,-0.164088007404,
-0.330716670488,-0.166964221381,
-0.333640821365,-0.169888372258,
-0.336564972242,-0.172812523135,
-0.339489123119,-0.175976358510,
-0.342413273996,-0.178948446287,
-0.345337424873,-0.181824660264,
-0.348309512649,-0.185132306338,
-0.351233663526,-0.188344078613,
-0.354157814403,-0.191651724686,
-0.357129902180,-0.195055244560,
-0.360054053057,-0.198506701332,
-0.363026140833,-0.202245779503,
-0.365950291710,-0.205793110075,
-0.368922379486,-0.209052819249,
-0.371894467263,-0.212456339122,
-0.374866555040,-0.215716048296,
-0.377838642816,-0.218927820571,
-0.380810730593,-0.221947845247,
-0.383782818369,-0.224680248526,
-0.386754906146,-0.227316778005,
-0.389726993922,-0.230192991982,
-0.392699081699,-0.232829521461,
-0.395719106375,-0.235226366442,
-0.398691194151,-0.237958769721,
-0.401663281928,-0.240595299200,
-0.404683306604,-0.243279765579,
-0.407655394381,-0.246060105757,
-0.410675419057,-0.249032193533,
-0.413695443733,-0.252052218209,
-0.416715468409,-0.255311927384,
-0.419687556186,-0.258427825859,
-0.422707580862,-0.261639598134,
-0.425727605538,-0.265186928706,
-0.428747630214,-0.268302827181,
-0.431767654890,-0.271993968452,
-0.434787679566,-0.275397488325,
-0.437807704242,-0.278801008198,
-0.440875665818,-0.281964843573,
-0.443895690494,-0.285272489647,
-0.446915715171,-0.288436325022,
-0.449935739847,-0.291552223498,
-0.453003701422,-0.294428437475,
-0.456023726099,-0.297352588352,
-0.459091687674,-0.300180865429,
-0.462111712351,-0.302913268708,
-0.465179673926,-0.305549798187,
-0.468247635502,-0.307946643168,
-0.471267660178,-0.310631109547,
-0.474335621754,-0.313123828327,
-0.477403583330,-0.315568610208,
-0.480471544906,-0.318396887286,
-0.483539506481,-0.321129290564,
-0.486607468057,-0.323957567642,
-0.489675429633,-0.327073466117,
-0.492743391209,-0.329853806295,
-0.495811352784,-0.333065578570,
-0.498879314360,-0.336133540145,
-0.501947275936,-0.339105627922,
-0.505015237512,-0.342461210895,
-0.508083199087,-0.345625046270,
-0.511199097563,-0.348645070947,
-0.514267059139,-0.352000653920,
-0.517335020714,-0.355164489295,
-0.520450919190,-0.358232450871,
-0.523518880766,-0.361108664848,
-0.526634779241,-0.364128689524,
-0.529702740817,-0.367052840401,
-0.532818639292,-0.369881117479,
-0.535886600868,-0.372613520757,
-0.539002499343,-0.375250050237,
-0.542070460919,-0.377790705916,
-0.545186359394,-0.380091677098,
-0.548302257870,-0.382440585180,
-0.551418156345,-0.384837430161,
-0.554486117921,-0.387234275142,
-0.557602016396,-0.389726993922,
-0.560717914872,-0.392459397201,
-0.563833813347,-0.395047989780,
-0.566949711823,-0.397732456159,
-0.570065610298,-0.400512796337,
-0.573181508773,-0.403484884114,
-0.576297407249,-0.406169350492,
-0.579413305724,-0.409285248968,
-0.582529204200,-0.412209399845,
-0.585645102675,-0.415037676922,
-0.588761001150,-0.418201512297,
-0.591876899626,-0.421029789375,
-0.594992798101,-0.424049814051,
-0.598108696577,-0.427213649426,
-0.601224595052,-0.429993989604,
-0.604340493527,-0.432918140481,
-0.607504328902,-0.435746417559,
-0.610620227378,-0.438622631536,
-0.613736125853,-0.441307097915,
-0.616852024329,-0.443991564294,
-0.620015859704,-0.446436346174,
-0.623131758179,-0.449216686352,
-0.626247656654,-0.451565594434,
-0.629363555130,-0.454106250114,
-0.632527390505,-0.456838653392,
-0.635643288980,-0.459427245972,
-0.638759187456,-0.461872027852,
-0.641923022831,-0.464700304930,
-0.645038921306,-0.467384771309,
-0.648202756681,-0.470117174587,
-0.651318655156,-0.472945451665,
-0.654434553632,-0.475821665642,
-0.657598389007,-0.478697879620,
-0.660714287482,-0.481669967396,
-0.663878122857,-0.484689992072,
-0.666994021333,-0.487949701246,
-0.670157856708,-0.491065599722,
-0.673273755183,-0.494229435097,
-0.676437590558,-0.497393270472,
-0.679553489033,-0.500557105847,
-0.682717324408,-0.503673004322,
-0.685833222884,-0.506597155199,
-0.688997058259,-0.509808927474,
-0.692112956734,-0.512733078351,
-0.695276792109,-0.515417544730,
-0.698392690585,-0.518245821807,
-0.701556525960,-0.521026161985,
-0.704672424435,-0.523710628364,
-0.707836259810,-0.526347157843,
-0.710952158285,-0.528744002824,
-0.714115993660,-0.531428469203,
-0.717231892136,-0.533777377285,
-0.720395727511,-0.536318032965,
-0.723511625986,-0.539002499343,
-0.726675461361,-0.541543155023,
-0.729791359837,-0.544179684502,
-0.732955195212,-0.546864150881,
-0.736071093687,-0.549596554160,
-0.739234929062,-0.552376894338,
-0.742350827537,-0.555253108315,
-0.745466726013,-0.558321069891,
-0.748630561388,-0.561149346968,
-0.751746459863,-0.564361119243,
-0.754910295238,-0.567477017718,
-0.758026193714,-0.570449105495,
-0.761142092189,-0.573804688468,
-0.764305927564,-0.577016460743,
-0.767421826039,-0.580228233018,
-0.770585661414,-0.583440005292,
-0.773701559890,-0.586507966868,
-0.776817458365,-0.589432117745,
-0.779981293740,-0.592404205522,
-0.783097192216,-0.595376293298,
-0.786213090691,-0.598444254874,
-0.789328989166,-0.601176658152,
-0.792492824541,-0.604244619728,
-0.795608723017,-0.607120833705,
-0.798724621492,-0.609853236984,
-0.801840519968,-0.613017072359,
-0.804956418443,-0.616037097035,
-0.808120253818,-0.618961247912,
-0.811236152293,-0.622364767785,
-0.814352050769,-0.625720350758,
-0.817467949244,-0.629507365829,
-0.820583847720,-0.633438191598,
-0.823699746195,-0.637416954266,
-0.826815644670,-0.641395716935,
-0.829931543146,-0.645278605804,
-0.833047441621,-0.649257368473,
-0.836163340097,-0.653092320442,
-0.839279238572,-0.656783461713,
-0.842395137047,-0.660330792285,
-0.845463098623,-0.663542564560,
-0.848578997098,-0.666898147533,
-0.851694895574,-0.670109919808,
-0.854810794049,-0.673273755183,
-0.857926692525,-0.676245842959,
-0.860994654100,-0.679361741435,
-0.864110552576,-0.682621450609,
-0.867226451051,-0.685737349085,
-0.870294412627,-0.688901184460,
-0.873410311102,-0.692112956734,
-0.876478272678,-0.695372665908,
-0.879594171154,-0.698919996480,
-0.882662132729,-0.702083831855,
-0.885778031205,-0.705535288628,
-0.888845992780,-0.709322303698,
-0.891913954356,-0.712917571170,
-0.895029852832,-0.716560775541,
-0.898097814407,-0.720299853712,
-0.901165775983,-0.724038931882,
-0.904233737559,-0.727825946952,
-0.907301699135,-0.731565025123,
-0.910369660711,-0.735256166393,
-0.913437622286,-0.738659686267,
-0.916505583862,-0.742398764437,
-0.919573545438,-0.745514662912,
-0.922641507014,-0.748822308986,
-0.925709468589,-0.751986144361,
-0.928777430165,-0.754910295238,
-0.931845391741,-0.758122067513,
-0.934913353317,-0.761094155289,
-0.937933377993,-0.763826558568,
-0.941001339569,-0.766798646344,
-0.944021364245,-0.770010418619,
-0.947089325821,-0.772934569496,
-0.950109350497,-0.776338089369,
-0.953177312072,-0.779597798543,
-0.956197336749,-0.782953381517,
-0.959265298324,-0.786644522788,
-0.962285323001,-0.790143916460,
-0.965305347677,-0.793499499433,
-0.968325372353,-0.797382388303,
-0.971345397029,-0.801073529574,
-0.974365421705,-0.804812607744,
-0.977385446381,-0.808551685915,
-0.980405471057,-0.812290764085,
-0.983425495734,-0.815886031557,
-0.986445520410,-0.819241614530,
-0.989465545086,-0.822645134403,
-0.992485569762,-0.825904843578,
-0.995457657539,-0.829020742053,
-0.998477682215,-0.831896956030,
-1.001449769991,-0.834725233108,
-1.004469794667,-0.837457636386,
-1.007441882444,-0.840142102765,
-1.010461907120,-0.842778632244,
-1.013433994897,-0.845558972422,
-1.016406082673,-0.848578997098,
-1.019378170450,-0.851407274176,
-1.022350258226,-0.854666983350,
-1.025322346003,-0.857878755625,
-1.028294433779,-0.861186401699,
-1.031266521556,-0.864541984672,
-1.034238609332,-0.867993441445,
-1.037210697109,-0.871684582716,
-1.040182784885,-0.875183976388,
-1.043106935762,-0.878491622462,
-1.046079023539,-0.882182763733,
-1.049003174416,-0.885346599108,
-1.051975262192,-0.888893929680,
-1.054899413069,-0.891913954356,
-1.057823563946,-0.894886042133,
-1.060747714823,-0.898049877508,
-1.063671865700,-0.900926091485,
-1.066596016577,-0.903466747165,
-1.069520167454,-0.906007402845,
-1.072444318331,-0.908212500228,
-1.075368469207,-0.910609345209,
-1.078292620084,-0.913006190190,
-1.081216770961,-0.915738593468,
-1.084092984939,-0.918423059847,
-1.087017135815,-0.921155463125,
-1.089893349793,-0.924031677103,
-1.092769563770,-0.927051701779,
-1.095693714647,-0.929736168158,
-1.098569928624,-0.932852066633,
-1.101446142602,-0.935776217510,
-1.104322356579,-0.938556557688,
-1.107198570556,-0.941720393063,
-1.110074784533,-0.944692480839,
-1.112950998511,-0.947472821017,
-1.115779275588,-0.950636656393,
-1.118655489566,-0.953608744169,
-1.121483766643,-0.956389084347,
-1.124359980621,-0.959361172124,
-1.127188257698,-0.962285323001,
-1.130016534776,-0.965161536978,
-1.132892748753,-0.967941877156,
-1.135721025831,-0.970770154234,
-1.138549302908,-0.973454620612,
-1.141329643087,-0.976043213192,
-1.144157920164,-0.978344184374,
-1.146986197242,-0.980693092455,
-1.149814474320,-0.982946126737,
-1.152594814498,-0.985151224120,
-1.155423091575,-0.987356321503,
-1.158203431753,-0.989657292684,
-1.160983771931,-0.991910326967,
-1.163764112109,-0.994307171948,
-1.166544452287,-0.996943701427,
-1.169324792465,-0.999436420207,
-1.172105132643,-1.001833265188,
-1.174885472822,-1.004661542266,
-1.177665813000,-1.007346008645,
-1.180398216278,-1.010174285722,
-1.183178556456,-1.013050499700,
-1.185910959734,-1.016022587476,
-1.188643363013,-1.019330233550,
-1.191423703191,-1.022494068925,
-1.194156106469,-1.025801714999,
-1.196888509748,-1.029109361073,
-1.199620913026,-1.032417007147,
-1.202305379405,-1.035676716321,
-1.205037782683,-1.038888488596,
-1.207770185962,-1.041716765673,
-1.210454652341,-1.044784727249,
-1.213139118719,-1.047421256728,
-1.215871521998,-1.049961912408,
-1.218555988377,-1.052790189486,
-1.221240454755,-1.055426718965,
-1.223924921134,-1.057967374645,
-1.226609387513,-1.060364219626,
-1.229245916992,-1.063000749105,
-1.231930383371,-1.065493467885,
-1.234614849750,-1.067890312867,
-1.237251379229,-1.070670653045,
-1.239887908708,-1.073307182524,
-1.242524438187,-1.076039585802,
-1.245160967667,-1.078819925980,
-1.247797497146,-1.081600266158,
-1.250434026625,-1.084428543236,
-1.253070556104,-1.087304757213,
-1.255707085583,-1.090133034291,
-1.258295678163,-1.093105122067,
-1.260884270742,-1.096125146744,
-1.263520800222,-1.099336919018,
-1.266109392801,-1.102452817494,
-1.268697985381,-1.105472842170,
-1.271286577960,-1.108444929946,
-1.273875170540,-1.111225270124,
-1.276415826220,-1.114101484102,
-1.279004418799,-1.116929761179,
-1.281545074479,-1.119710101357,
-1.284133667059,-1.122490441535,
-1.286674322739,-1.125318718613,
-1.289214978419,-1.128003184992,
-1.291755634099,-1.130591777571,
-1.294296289779,-1.133563865348,
-1.296836945458,-1.136296268626,
-1.299329664239,-1.139076608804,
-1.301870319919,-1.141904885882,
-1.304363038699,-1.144876973659,
-1.306855757479,-1.147561440037,
-1.309348476260,-1.150437654015,
-1.311841195040,-1.153361804892,
-1.314333913820,-1.156381829568,
-1.316826632601,-1.159641538742,
-1.319319351381,-1.162757437217,
-1.321764133262,-1.166017146392,
-1.324256852042,-1.169564476964,
-1.326701633923,-1.172776249238,
-1.329146415803,-1.176227706011,
-1.331591197684,-1.179679162784,
-1.334035979565,-1.183130619556,
-1.336432824546,-1.186438265630,
-1.338877606426,-1.189745911704,
-1.341274451408,-1.192909747079,
-1.343719233288,-1.195977708655,
-1.346116078269,-1.198758048833,
-1.348512923250,-1.201634262810,
-1.350909768231,-1.204510476788,
-1.353306613212,-1.207290816966,
-1.355655521294,-1.209975283344,
-1.358052366275,-1.212659749723,
-1.360401274356,-1.215344216102,
-1.362798119338,-1.218028682481,
-1.365147027419,-1.220761085759,
-1.367495935500,-1.223733173536,
-1.369796906682,-1.226369703015,
-1.372145814764,-1.229197980093,
-1.374494722845,-1.232122130970,
-1.376795694027,-1.235046281846,
-1.379096665209,-1.238258054121,
-1.381445573290,-1.241278078797,
-1.383746544472,-1.244154292775,
-1.385999578754,-1.247414001949,
-1.388300549936,-1.250481963525,
-1.390601521118,-1.253501988201,
-1.392854555400,-1.256378202178,
-1.395155526582,-1.259494100653,
-1.397408560864,-1.262178567032,
-1.399661595146,-1.264958907210,
-1.401914629429,-1.267643373589,
-1.404119726811,-1.270040218570,
-1.406372761093,-1.272485000451,
-1.408577858476,-1.274738034733,
-1.410830892758,-1.276847258316,
-1.413035990141,-1.278908545000,
-1.415241087523,-1.281065705483,
-1.417446184906,-1.283270802866,
-1.419603345389,-1.285523837148,
-1.421808442772,-1.287920682129,
-1.423965603254,-1.290365464010,
-1.426170700637,-1.292810245890,
-1.428327861120,-1.295255027771,
-1.430485021603,-1.297747746551,
-1.432642182086,-1.300432212930,
-1.434751405669,-1.302781121012,
-1.436908566152,-1.305465587390,
-1.439017789736,-1.308006243070,
-1.441127013319,-1.310546898750,
-1.443236236902,-1.313039617530,
-1.445345460486,-1.315436462512,
-1.447454684069,-1.318168865790,
-1.449563907652,-1.320757458370,
-1.451625194336,-1.323154303351,
-1.453734417919,-1.325742895930,
-1.455795704603,-1.328523236108,
-1.457856991287,-1.331111828688,
-1.459870341071,-1.333700421267,
-1.461931627755,-1.336241076947,
-1.463992914438,-1.338589985029,
-1.466006264222,-1.341082703809,
-1.468019614007,-1.343527485690,
-1.470032963791,-1.345876393771,
-1.472046313575,-1.348177364953,
-1.474059663359,-1.350382462336,
-1.476073013143,-1.352491685919,
-1.478038426027,-1.354505035703,
-1.480003838912,-1.356278700989,
-1.481969251796,-1.358292050773,
-1.483934664681,-1.360449211256,
-1.485900077565,-1.362510497940,
-1.487865490450,-1.364667658423,
-1.489782966435,-1.366872755805,
-1.491700442420,-1.369125790088,
-1.493665855304,-1.371426761269,
-1.495535394389,-1.373775669351,
-1.497452870374,-1.376076640533,
-1.499370346359,-1.378425548614,
-1.501239885444,-1.380774456696,
-1.503157361429,-1.383123364777,
-1.505026900514,-1.385520209758,
-1.506896439600,-1.388108802338,
-1.508765978685,-1.390361836620,
-1.510587580870,-1.392806618501,
-1.512457119956,-1.395443147980,
-1.514278722141,-1.397744119162,
-1.516100324327,-1.400188901042,
-1.517921926512,-1.402825430521,
-1.519743528698,-1.405078464804,
-1.521565130884,-1.407475309785,
-1.523338796170,-1.409824217866,
-1.525160398355,-1.412077252148,
-1.526934063641,-1.414282349531,
-1.528707728927,-1.416199825516,
-1.530433457314,-1.418117301501,
-1.532207122600,-1.419555408489,
-1.533980787886,-1.421377010675,
-1.535706516272,-1.423006865262,
-1.537432244658,-1.424732593648,
-1.539157973045,-1.426554195834,
-1.540883701431,-1.428567545618,
-1.542561492918,-1.430293274004,
-1.544287221304,-1.432162813090,
-1.545965012791,-1.434224099773,
-1.547642804278,-1.435949828160,
-1.549320595765,-1.437771430345,
-1.550998387251,-1.439545095631,
-1.552628241838,-1.441414634717,
-1.554306033325,-1.443236236902,
-1.555935887912,-1.444961965289,
-1.557565742499,-1.446783567474,
-1.559195597087,-1.448701043459,
-1.560777514774,-1.450762330143,
-1.562407369361,-1.452488058529,
-1.563989287049,-1.454405534514,
-1.565571204736,-1.456514758097,
-1.567153122424,-1.458336360283,
-1.568735040111,-1.460541457666,
-1.570316957799,-1.462602744349,
-1.571850938587,-1.464472283435,
-1.573432856274,-1.466725317717,
-1.574966837062,-1.468786604401,
-1.576452880950,-1.470704080385,
-1.577986861738,-1.472813303969,
-1.579520842526,-1.475066338251,
-1.581006886414,-1.476935877336,
-1.582492930303,-1.479140974719,
-1.583978974191,-1.481010513804,
-1.585465018079,-1.483023863588,
-1.586951061967,-1.485181024071,
-1.588389168956,-1.487002626257,
-1.589827275945,-1.488920102242,
-1.591313319833,-1.490981388925,
-1.592703489922,-1.492659180412,
-1.594141596911,-1.494480782598,
-1.595579703899,-1.495918889586,
-1.596969873988,-1.497596681073,
-1.598360044077,-1.499466220158,
-1.599750214166,-1.500856390247,
-1.601140384255,-1.502534181734,
-1.602530554344,-1.504403720819,
-1.603872787534,-1.506033575406,
-1.605215020723,-1.507519619295,
-1.606557253912,-1.509437095279,
-1.607899487102,-1.510875202268,
-1.609241720291,-1.512792678253,
-1.610583953481,-1.514518406639,
-1.611878249770,-1.516196198126,
-1.613172546060,-1.517921926512,
-1.614466842350,-1.519599717999,
-1.615761138640,-1.521277509486,
-1.617007498030,-1.523051174772,
-1.618301794320,-1.524776903158,
-1.619548153710,-1.526502631545,
-1.620794513100,-1.528228359931,
-1.622040872490,-1.530049962117,
-1.623239294981,-1.531823627403,
-1.624485654371,-1.533597292689,
-1.625684076861,-1.535418894874,
-1.626882499352,-1.537192560160,
-1.628080921843,-1.539062099246,
-1.629279344333,-1.540787827632,
-1.630429829924,-1.542561492918,
-1.631580315515,-1.544335158204,
-1.632730801106,-1.545821202092,
-1.633881286697,-1.547546930479,
-1.635031772288,-1.549416469564,
-1.636182257879,-1.550806639653,
-1.637284806570,-1.552532368039,
-1.638387355261,-1.553826664329,
-1.639489903952,-1.555360645117,
-1.640592452644,-1.557038436604,
-1.641647064435,-1.558236859094,
-1.642749613127,-1.559674966083,
-1.643804224918,-1.561352757569,
-1.644858836710,-1.562599116960,
-1.645913448502,-1.564085160848,
-1.646920123394,-1.565523267837,
-1.647974735185,-1.566913437926,
-1.648981410077,-1.568303608015,
-1.649988084969,-1.569645841204,
-1.650994759862,-1.570940137494,
-1.651953497854,-1.572234433784,
-1.652960172746,-1.573289045575,
-1.653918910738,-1.574535404965,
-1.654877648731,-1.575925575054,
-1.655836386723,-1.577076060645,
-1.656795124716,-1.578274483136,
-1.657705925809,-1.579520842526,
-1.658616726901,-1.580527517418,
-1.659527527994,-1.581917687507,
-1.660438329087,-1.583164046897,
-1.661349130180,-1.584362469388,
-1.662211994373,-1.585704702577,
-1.663122795466,-1.586951061967,
-1.663985659659,-1.588005673759,
-1.664800586953,-1.589299970049,
-1.665663451146,-1.590402518740,
-1.666526315339,-1.591600941231,
-1.667341242632,-1.592943174420,
-1.668156169926,-1.594237470710,
-1.668971097220,-1.595292082501,
-1.669786024513,-1.596682252590,
-1.670553014907,-1.597880675081,
-1.671320005301,-1.599174971371,
-1.672086995695,-1.600565141460,
-1.672853986089,-1.601619753251,
-1.673620976483,-1.603009923340,
-1.674340029977,-1.604256282731,
-1.675107020371,-1.605550579020,
-1.675826073865,-1.606940749109,
-1.676545127360,-1.608235045399,
-1.677216243954,-1.609289657191,
-1.677935297449,-1.610727764180,
-1.678606414043,-1.611974123570,
-1.679277530638,-1.613172546060,
-1.679948647233,-1.614370968551,
-1.680619763828,-1.615665264841,
-1.681242943523,-1.616959561130,
-1.681914060117,-1.618253857420,
-1.682537239812,-1.619500216810,
-1.683112482608,-1.620506891702,
-1.683735662303,-1.621801187992,
-1.684358841998,-1.622999610483,
-1.684934084794,-1.624198032973,
-1.685509327589,-1.625396455464,
-1.686084570384,-1.626307256557,
-1.686659813180,-1.627457742147,
-1.687187119076,-1.628464417039,
-1.687714424972,-1.629566965731,
-1.688241730867,-1.630813325121,
-1.688769036763,-1.632011747611,
-1.689296342659,-1.632970485604,
-1.689775711655,-1.634168908094,
-1.690255080651,-1.634935898488,
-1.690782386547,-1.635894636481,
-1.691213818644,-1.637093058971,
-1.691693187640,-1.638147670763,
-1.692124619737,-1.639010534956,
-1.692603988733,-1.640161020547,
-1.693035420830,-1.640928010941,
-1.693418916027,-1.642030559632,
-1.693850348123,-1.642797550026,
-1.694233843320,-1.643804224918,
-1.694665275417,-1.644762962911,
-1.695048770614,-1.645721700903,
-1.695432265811,-1.646680438896,
-1.695767824108,-1.647639176888,
-1.696103382405,-1.648502041081,
-1.696486877602,-1.649364905274,
-1.696822435900,-1.650467453966,
-1.697110057297,-1.651186507460,
-1.697445615595,-1.652097308553,
-1.697733236992,-1.653295731043,
-1.698068795290,-1.654158595237,
-1.698308479788,-1.655021459430,
-1.698596101186,-1.656076071221,
-1.698883722583,-1.656795124716,
-1.699123407081,-1.657753862708,
-1.699363091580,-1.658664663801,
-1.699602776078,-1.659479591095,
-1.699842460576,-1.660390392187,
-1.700034208174,-1.661253256381,
-1.700273892672,-1.662164057473,
-1.700465640271,-1.663074858566,
-1.700657387869,-1.664129470358,
-1.700849135468,-1.664848523852,
-1.700992946167,-1.665759324945,
-1.701136756866,-1.666765999837,
-1.701280567564,-1.667724737829,
-1.701424378263,-1.668779349621,
-1.701568188962,-1.669690150714,
-1.701664062761,-1.670553014907,
-1.701807873460,-1.671511752900,
-1.701903747260,-1.672614301591,
-1.701999621059,-1.673285418186,
-1.702047557958,-1.674244156178,
-1.702143431758,-1.675250831070,
-1.702191368657,-1.676257505962,
-1.702239305557,-1.677264180854,
-1.702287242456,-1.678222918847,
-1.702287242456,-1.679277530638,
-1.702335179356,-1.680380079329,
-1.702335179356,-1.681290880422,
-1.702335179356,-1.682201681515,
-1.702335179356,-1.683112482608,
-1.702287242456,-1.683975346801,
-1.702287242456,-1.684886147894,
-1.702239305557,-1.685892822786,
-1.702191368657,-1.686851560778,
-1.702143431758,-1.687618551172,
-1.702047557958,-1.688433478466,
-1.701999621059,-1.689200468860,
-1.701903747260,-1.689967459254,
-1.701807873460,-1.690686512748,
-1.701664062761,-1.691453503142,
-1.701568188962,-1.692172556636,
-1.701424378263,-1.692891610131,
-1.701280567564,-1.693610663625,
-1.701136756866,-1.694137969521,
-1.700992946167,-1.694904959915,
-1.700849135468,-1.695671950309,
-1.700657387869,-1.696103382405,
-1.700465640271,-1.696630688301,
-1.700273892672,-1.697445615595,
-1.700082145074,-1.697877047691,
-1.699842460576,-1.698404353587,
-1.699602776078,-1.698835785684,
-1.699363091580,-1.699315154680,
-1.699123407081,-1.699890397475,
-1.698883722583,-1.700561514070,
-1.698596101186,-1.701184693765,
-1.698356416688,-1.701472315163,
-1.698068795290,-1.701807873460,
-1.697733236992,-1.702191368657,
-1.697445615595,-1.702574863854,
-1.697157994197,-1.703006295951,
-1.696822435900,-1.703437728047,
-1.696486877602,-1.703821223244,
-1.696151319305,-1.704156781542,
-1.695767824108,-1.704396466040,
-1.695432265811,-1.704684087438,
-1.695048770614,-1.704923771936,
-1.694665275417,-1.705259330233,
-1.694281780220,-1.705499014731,
-1.693850348123,-1.705738699229,
-1.693466852926,-1.706026320627,
-1.693035420830,-1.706313942025,
-1.692603988733,-1.706553626523,
-1.692172556636,-1.706793311021,
-1.691693187640,-1.706985058619,
-1.691213818644,-1.707176806218,
-1.690782386547,-1.707368553816,
-1.690303017551,-1.707272680017,
-1.689775711655,-1.707416490716,
-1.689296342659,-1.707560301415,
-1.688769036763,-1.707656175214,
-1.688241730867,-1.707895859712,
-1.687714424972,-1.707799985913,
-1.687187119076,-1.708039670411,
-1.686659813180,-1.707943796612,
-1.686084570384,-1.707991733511,
-1.685509327589,-1.708087607311,
-1.684934084794,-1.708135544210,
-1.684358841998,-1.708183481110,
-1.683735662303,-1.708231418010,
-1.683160419508,-1.708279354909,
-1.682537239812,-1.708327291809,
-1.681914060117,-1.708327291809,
-1.681242943523,-1.708375228708,
-1.680619763828,-1.708375228708,
-1.679948647233,-1.708423165608,
-1.679277530638,-1.708423165608,
-1.678606414043,-1.708471102508,
-1.677935297449,-1.708471102508,
-1.677264180854,-1.708471102508,
-1.676545127360,-1.708471102508,
-1.675826073865,-1.708471102508,
-1.675107020371,-1.708519039407,
-1.674387966877,-1.708519039407,
-1.673620976483,-1.708519039407,
-1.672853986089,-1.708519039407,
-1.672134932595,-1.708519039407,
-1.671367942201,-1.708519039407,
-1.670553014907,-1.708519039407,
-1.669786024513,-1.708519039407,
-1.668971097220,-1.708519039407,
-1.668156169926,-1.708566976307,
-1.667341242632,-1.708566976307,
-1.666526315339,-1.708566976307,
-1.665663451146,-1.708566976307,
-1.664848523852,-1.708710787006,
-1.663985659659,-1.708519039407,
-1.663122795466,-1.708519039407,
-1.662259931273,-1.708519039407,
-1.661349130180,-1.708519039407,
-1.660438329087,-1.708471102508,
-1.659575464894,-1.708471102508,
-1.658616726901,-1.708471102508,
-1.657705925809,-1.708423165608,
-1.656795124716,-1.708423165608,
-1.655836386723,-1.708423165608,
-1.654877648731,-1.708375228708,
-1.653918910738,-1.708375228708,
-1.652960172746,-1.708327291809,
-1.652001434754,-1.708279354909,
-1.650994759862,-1.708231418010,
-1.649988084969,-1.708183481110,
-1.648981410077,-1.708087607311,
-1.647974735185,-1.708039670411,
-1.646968060293,-1.707991733511,
-1.645913448502,-1.707895859712,
-1.644858836710,-1.707847922813,
-1.643804224918,-1.707799985913,
-1.642749613127,-1.707704112114,
-1.641695001335,-1.707656175214,
-1.640592452644,-1.707560301415,
-1.639489903952,-1.707416490716,
-1.638387355261,-1.707320616917,
-1.637284806570,-1.707224743117,
-1.636182257879,-1.707128869318,
-1.635031772288,-1.707080932419,
-1.633929223596,-1.706937121720,
-1.632778738005,-1.706793311021,
-1.631628252414,-1.706649500322,
-1.630429829924,-1.706505689623,
-1.629279344333,-1.706361878924,
-1.628080921843,-1.706170131326,
-1.626882499352,-1.705834573028,
-1.625684076861,-1.705882509928,
-1.624485654371,-1.705690762330,
-1.623287231880,-1.705451077831,
-1.622040872490,-1.705307267133,
-1.620794513100,-1.705019645735,
-1.619548153710,-1.704732024337,
-1.618301794320,-1.704540276739,
-1.617055434930,-1.704348529140,
-1.615761138640,-1.704108844642,
-1.614466842350,-1.703869160144,
-1.613172546060,-1.703533601847,
-1.611878249770,-1.703006295951,
-1.610583953481,-1.702910422152,
-1.609241720291,-1.702574863854,
-1.607947424002,-1.702287242456,
-1.606605190812,-1.701759936561,
-1.605262957623,-1.701424378263,
-1.603920724433,-1.701136756866,
-1.602530554344,-1.700801198568,
-1.601140384255,-1.700369766472,
-1.599798151066,-1.699938334375,
-1.598407980977,-1.699554839178,
-1.597017810888,-1.699219280881,
-1.595579703899,-1.698739911884,
-1.594189533810,-1.698212605989,
-1.592751426822,-1.697637363193,
-1.591313319833,-1.697301804896,
-1.589875212844,-1.696630688301,
-1.588437105856,-1.696055445506,
-1.586951061967,-1.695719887208,
-1.585512954979,-1.695000833714,
-1.584026911090,-1.694473527818,
-1.582540867202,-1.693946221922,
-1.581054823314,-1.693035420830,
-1.579520842526,-1.692556051833,
-1.578034798638,-1.691932872138,
-1.576500817850,-1.691213818644,
-1.574966837062,-1.690590638949,
-1.573432856274,-1.689583964057,
-1.571898875486,-1.688912847462,
-1.570316957799,-1.688289667767,
-1.568782977011,-1.687474740473,
-1.567201059323,-1.686659813180,
-1.565619141636,-1.685749012087,
-1.564037223948,-1.684982021693,
-1.562407369361,-1.684071220600,
-1.560825451674,-1.683064545708,
-1.559195597087,-1.682105807716,
-1.557565742499,-1.681147069723,
-1.555935887912,-1.680044521032,
-1.554306033325,-1.679037846140,
-1.552676178738,-1.677935297449,
-1.550998387251,-1.676688938059,
-1.549320595765,-1.675634326267,
-1.547690741177,-1.674435903776,
-1.545965012791,-1.673237481286,
-1.544287221304,-1.671751437398,
-1.542609429818,-1.670409204208,
-1.540883701431,-1.669019034119,
-1.539157973045,-1.667628864030,
-1.537432244658,-1.666046946343,
-1.535706516272,-1.664465028655,
-1.533980787886,-1.663026921667,
-1.532255059499,-1.661205319481,
-1.530481394213,-1.659815149392,
-1.528707728927,-1.658137357905,
-1.526934063641,-1.656124008121,
-1.525160398355,-1.654637964233,
-1.523386733069,-1.652864298947,
-1.521565130884,-1.650946822962,
-1.519791465598,-1.649460779074,
-1.517969863412,-1.647782987587,
-1.516148261226,-1.645865511602,
-1.514326659041,-1.644379467714,
-1.512457119956,-1.642605802428,
-1.510635517770,-1.640640389543,
-1.508765978685,-1.639154345655,
-1.506896439600,-1.637428617269,
-1.505026900514,-1.635511141284,
-1.503157361429,-1.634025097396,
-1.501287822344,-1.632203495210,
-1.499418283259,-1.630861262021,
-1.497500807274,-1.629231407433,
-1.495583331289,-1.627649489746,
-1.493665855304,-1.626067572058,
-1.491748379319,-1.624485654371,
-1.489830903334,-1.622951673583,
-1.487865490450,-1.621369755896,
-1.485948014465,-1.619739901308,
-1.483982601580,-1.618110046721,
-1.482017188696,-1.616432255234,
-1.480051775812,-1.614754463748,
-1.478086362927,-1.612789050863,
-1.476073013143,-1.611303006975,
-1.474107600258,-1.609577278589,
-1.472094250474,-1.607899487102,
-1.470080900690,-1.606269632515,
-1.468067550906,-1.604543904128,
-1.466054201122,-1.602674365043,
-1.463992914438,-1.601188321155,
-1.461979564654,-1.599270845170,
-1.459918277971,-1.597497179884,
-1.457856991287,-1.595963199096,
-1.455795704603,-1.594141596911,
-1.453734417919,-1.592080310227,
-1.451673131236,-1.590258708041,
-1.449563907652,-1.588341232056,
-1.447502620969,-1.586423756071,
-1.445393397385,-1.584554216986,
-1.443284173802,-1.582588804102,
-1.441174950219,-1.580623391217,
-1.439065726635,-1.578657978333,
-1.436908566152,-1.576596691649,
-1.434799342569,-1.574583341865,
-1.432642182086,-1.572569992081,
-1.430485021603,-1.570556642297,
-1.428327861120,-1.568639166312,
-1.426170700637,-1.566673753427,
-1.424013540154,-1.564756277443,
-1.421856379671,-1.562886738357,
-1.419651282289,-1.561208946871,
-1.417446184906,-1.559147660187,
-1.415289024423,-1.557517805600,
-1.413083927040,-1.555696203414,
-1.410830892758,-1.553682853630,
-1.408625795376,-1.552148872842,
-1.406420697993,-1.550375207556,
-1.404167663711,-1.548409794672,
-1.401914629429,-1.546875813884,
-1.399661595146,-1.545102148598,
-1.397408560864,-1.543424357111,
-1.395155526582,-1.541698628725,
-1.392902492300,-1.539733215840,
-1.390649458018,-1.538199235052,
-1.388348486836,-1.536377632867,
-1.386047515654,-1.534316346183,
-1.383746544472,-1.532446807098,
-1.381445573290,-1.530529331113,
-1.379144602108,-1.528611855128,
-1.376843630927,-1.526694379143,
-1.374494722845,-1.524728966259,
-1.372193751663,-1.522763553374,
-1.369844843582,-1.520798140490,
-1.367495935500,-1.518832727605,
-1.365147027419,-1.516675567122,
-1.362798119338,-1.514806028037,
-1.360449211256,-1.512792678253,
-1.358100303175,-1.510731391569,
-1.355703458194,-1.508382483488,
-1.353306613212,-1.506369133704,
-1.350957705131,-1.504116099421,
-1.348560860150,-1.501623380641,
-1.346164015169,-1.499274472560,
-1.343719233288,-1.497117312077,
-1.341322388307,-1.494528719497,
-1.338925543326,-1.492371559014,
-1.336480761445,-1.490070587832,
-1.334035979565,-1.487625805952,
-1.331639134584,-1.485516582368,
-1.329194352703,-1.483167674287,
-1.326701633923,-1.481202261402,
-1.324256852042,-1.478997164020,
-1.321812070161,-1.476696192838,
-1.319319351381,-1.474730779954,
-1.316874569500,-1.472573619471,
-1.314381850720,-1.470464395887,
-1.311889131940,-1.468355172304,
-1.309396413159,-1.466150074921,
-1.306903694379,-1.463801166840,
-1.304410975599,-1.461787817056,
-1.301870319919,-1.459390972075,
-1.299377601138,-1.457185874692,
-1.296836945458,-1.455076651109,
-1.294344226678,-1.452775679927,
-1.291803570998,-1.450235024247,
-1.289262915318,-1.447886116166,
-1.286722259638,-1.445489271184,
-1.284181603958,-1.442996552404,
-1.281593011379,-1.440503833624,
-1.279052355699,-1.438011114844,
-1.276463763119,-1.435374585364,
-1.273875170540,-1.432785992785,
-1.271334514860,-1.430101526406,
-1.268745922280,-1.427225312429,
-1.266157329701,-1.424732593648,
-1.263568737121,-1.421856379671,
-1.260932207642,-1.419219850192,
-1.258343615062,-1.416775068311,
-1.255707085583,-1.414186475732,
-1.253118493004,-1.411645820052,
-1.250481963525,-1.409153101271,
-1.247845434045,-1.406708319391,
-1.245208904566,-1.404311474410,
-1.242572375087,-1.401914629429,
-1.239935845608,-1.399565721347,
-1.237299316129,-1.397456497764,
-1.234614849750,-1.395203463482,
-1.231978320271,-1.392854555400,
-1.229293853892,-1.390889142516,
-1.226609387513,-1.388731982033,
-1.223972858034,-1.386574821550,
-1.221288391655,-1.384465597966,
-1.218603925276,-1.382308437483,
-1.215919458897,-1.380103340101,
-1.213187055619,-1.377898242718,
-1.210502589240,-1.375645208436,
-1.207770185962,-1.373152489656,
-1.205085719583,-1.370851518474,
-1.202353316305,-1.368406736593,
-1.199620913026,-1.365914017813,
-1.196936446647,-1.363373362133,
-1.194204043369,-1.360545085055,
-1.191423703191,-1.357812681777,
-1.188691299913,-1.355176152298,
-1.185958896634,-1.352108190722,
-1.183226493356,-1.349184039845,
-1.180446153178,-1.346451636567,
-1.177713749899,-1.343287801192,
-1.174933409721,-1.340459524114,
-1.172153069543,-1.337631247036,
-1.169372729365,-1.335090591356,
-1.166592389187,-1.332358188078,
-1.163812049009,-1.329625784800,
-1.161031708831,-1.327276876718,
-1.158251368653,-1.324784157938,
-1.155423091575,-1.322339376057,
-1.152642751397,-1.319894594176,
-1.149814474320,-1.317545686095,
-1.147034134141,-1.315292651813,
-1.144205857064,-1.312704059233,
-1.141377579986,-1.310355151152,
-1.138549302908,-1.308102116869,
-1.135721025831,-1.305465587390,
-1.132892748753,-1.303020805510,
-1.130064471676,-1.300528086729,
-1.127236194598,-1.297939494150,
-1.124407917520,-1.295350901570,
-1.121531703543,-1.292666435191,
-1.118703426465,-1.289742284314,
-1.115827212488,-1.287105754835,
-1.112950998511,-1.284037793260,
-1.110122721433,-1.281065705483,
-1.107246507456,-1.278093617706,
-1.104370293478,-1.274977719231,
-1.101494079501,-1.271909757655,
-1.098617865524,-1.268841796080,
-1.095741651547,-1.265773834504,
-1.092817500670,-1.262753809828,
-1.089941286692,-1.259877595850,
-1.087065072715,-1.257241066371,
-1.084140921838,-1.254460726193,
-1.081216770961,-1.251632449115,
-1.078340556984,-1.249235604134,
-1.075416406107,-1.246694948454,
-1.072492255230,-1.244202229674,
-1.069568104353,-1.241757447793,
-1.066643953476,-1.239312665913,
-1.063719802599,-1.236867884032,
-1.060795651723,-1.234423102151,
-1.057871500846,-1.231930383371,
-1.054947349969,-1.229437664591,
-1.051975262192,-1.226657324413,
-1.049051111315,-1.224068731833,
-1.046126960438,-1.221623949952,
-1.043154872662,-1.218747735975,
-1.040182784885,-1.216063269596,
-1.037258634008,-1.213426740117,
-1.034286546232,-1.210406715441,
-1.031314458455,-1.207434627664,
-1.028342370679,-1.204366666089,
-1.025370282902,-1.201298704513,
-1.022398195126,-1.198134869138,
-1.019426107349,-1.194971033763,
-1.016454019573,-1.191663387689,
-1.013481931796,-1.188739236812,
-1.010509844020,-1.185623338337,
-1.007489819344,-1.182651250560,
-1.004517731567,-1.179775036583,
-1.001497706891,-1.177090570204,
-0.998525619114,-1.174310230026,
-0.995505594438,-1.171577826748,
-0.992533506662,-1.168893360369,
-0.989513481985,-1.166208893990,
-0.986493457309,-1.163332680013,
-0.983473432633,-1.160648213634,
-0.980453407957,-1.158107557954,
-0.977433383281,-1.155183407077,
-0.974413358605,-1.152355129999,
-0.971393333929,-1.149670663621,
-0.968373309252,-1.146506828246,
-0.965353284576,-1.143534740469,
-0.962333259900,-1.140227094395,
-0.959313235224,-1.137207069719,
-0.956245273648,-1.133851486746,
-0.953225248972,-1.129920660977,
-0.950157287396,-1.126469204204,
-0.947137262720,-1.122490441535,
-0.944069301144,-1.118703426465,
-0.941049276468,-1.115156095893,
-0.937981314892,-1.111464954622,
-0.934913353317,-1.107869687151,
-0.931893328641,-1.104418230378,
-0.928825367065,-1.101110584304,
-0.925757405489,-1.098090559628,
-0.922689443913,-1.094734976655,
-0.919621482337,-1.091714951978,
-0.916553520762,-1.088551116603,
-0.913485559186,-1.085339344329,
-0.910417597610,-1.082079635154,
-0.907349636034,-1.078724052181,
-0.904281674459,-1.075704027505,
-0.901213712883,-1.072300507632,
-0.898145751307,-1.069040798457,
-0.895029852832,-1.065924899982,
-0.891961891256,-1.062329632510,
-0.888893929680,-1.058878175738,
-0.885778031205,-1.055330845166,
-0.882710069629,-1.051591766995,
-0.879642108053,-1.048188247122,
-0.876526209578,-1.044497105851,
-0.873458248002,-1.040662153882,
-0.870342349527,-1.037066886410,
-0.867226451051,-1.033759240336,
-0.864158489475,-1.030307783563,
-0.861042591000,-1.026952200590,
-0.857926692525,-1.023932175914,
-0.854858730949,-1.020864214338,
-0.851742832474,-1.018083874160,
-0.848626933998,-1.015111786383,
-0.845511035523,-1.012427320005,
-0.842443073947,-1.009838727425,
-0.839327175472,-1.007393945544,
-0.836211276996,-1.004469794667,
-0.833095378521,-1.001593580690,
-0.829979480045,-0.998525619114,
-0.826863581570,-0.995217973040,
-0.823747683095,-0.991814453167,
-0.820631784619,-0.988362996395,
-0.817515886144,-0.984480107525,
-0.814399987668,-0.980645155556,
-0.811284089193,-0.976618455987,
-0.808168190718,-0.972304135021,
-0.805004355343,-0.968181561654,
-0.801888456867,-0.964346609684,
-0.798772558392,-0.960703405313,
-0.795656659916,-0.957156074741,
-0.792540761441,-0.953992239366,
-0.789376926066,-0.951116025389,
-0.786261027591,-0.948287748311,
-0.783145129115,-0.945747092631,
-0.780029230640,-0.943733742847,
-0.776865395265,-0.941384834766,
-0.773749496789,-0.938940052885,
-0.770633598314,-0.936303523406,
-0.767469762939,-0.933283498730,
-0.764353864464,-0.930311410953,
-0.761190029089,-0.927003764879,
-0.758074130613,-0.923839929504,
-0.754958232138,-0.920771967928,
-0.751794396763,-0.917320511156,
-0.748678498287,-0.914012865082,
-0.745514662912,-0.910705219008,
-0.742398764437,-0.907349636034,
-0.739234929062,-0.904041989960,
-0.736119030587,-0.900734343887,
-0.733003132111,-0.897618445411,
-0.729839296736,-0.894214925538,
-0.726723398261,-0.891051090163,
-0.723559562886,-0.888126939286,
-0.720443664410,-0.885058977710,
-0.717279829035,-0.882086889934,
-0.714163930560,-0.879210675957,
-0.711000095185,-0.876430335779,
-0.707884196710,-0.873841743199,
-0.704720361335,-0.871253150619,
-0.701604462859,-0.868712494939,
-0.698440627484,-0.866267713059,
-0.695324729009,-0.863822931178,
-0.692160893634,-0.861282275498,
-0.689044995158,-0.858645746019,
-0.685881159783,-0.855769532042,
-0.682765261308,-0.853037128763,
-0.679601425933,-0.850400599284,
-0.676485527458,-0.847380574608,
-0.673321692083,-0.844552297530,
-0.670205793607,-0.841628146653,
-0.667041958232,-0.838608121977,
-0.663926059757,-0.835636034201,
-0.660762224382,-0.832568072625,
-0.657646325906,-0.829260426551,
-0.654482490531,-0.826096591176,
-0.651366592056,-0.823028629600,
-0.648250693581,-0.819625109727,
-0.645086858206,-0.816365400553,
-0.641970959730,-0.813249502077,
-0.638807124355,-0.810037729803,
-0.635691225880,-0.806873894428,
-0.632575327404,-0.803805932852,
-0.629411492029,-0.800977655774,
-0.626295593554,-0.798053504898,
-0.623179695079,-0.795033480221,
-0.620015859704,-0.792301076943,
-0.616899961228,-0.789760421263,
-0.613784062753,-0.787123891784,
-0.610668164277,-0.784535299204,
-0.607504328902,-0.781802895926,
-0.604388430427,-0.779358114045,
-0.601272531952,-0.776433963168,
-0.598156633476,-0.773797433689,
-0.595040735001,-0.770729472113,
-0.591924836525,-0.767757384337,
-0.588808938050,-0.764689422761,
-0.585693039575,-0.761285902888,
-0.582529204200,-0.758026193714,
-0.579413305724,-0.754574736941,
-0.576297407249,-0.751123280168,
-0.573229445673,-0.747575949596,
-0.570113547198,-0.744076555924,
-0.566997648722,-0.740529225352,
-0.563881750247,-0.737125705479,
-0.560765851771,-0.733770122505,
-0.557649953296,-0.730702160929,
-0.554534054821,-0.727538325554,
